3D square size:
127
0
[1, 0, 0, 0;
 0, 1, 0, 0;
 0, 0, 1, 0]
1
[0.9916054312698409, -0.1006498174693109, -0.08116823836666187, 0.08855675722143917;
 0.06391812200485282, 0.9272526069204496, -0.3689404784495773, 0.4631192776651307;
 0.1123972524376179, 0.3606552608830553, 0.9259020684942063, 0.3726040738411626]
2
[0.8379891028758253, 0.1455381868087977, 0.5259210013317371, -0.8249460259277388;
 0.07753909241311333, 0.9222407918436826, -0.3787606249431005, 0.4506050233447271;
 -0.5401499353041895, 0.3581767134250144, 0.761542834875974, 0.7479632710936374]
3
[0.9850098076768615, -0.01334052377355281, 0.1719817118354145, -0.4377911970476632;
 -0.08509186543340261, 0.8296813348468656, 0.5517139268169573, -0.5908772960088748;
 -0.1500501690017575, -0.5580778736271226, 0.8161090820168426, 0.2479765258723548]
0
[800.4682700478197, 0, 609.3538171480857;
 0, 799.6980377156663, 528.6254010235297;
 0, 0, 1]
1
[796.8753715677825, 0, 620.5894123001804;
 0, 796.2761648234282, 529.1126889900946;
 0, 0, 1]
2
[794.1475517596189, 0, 628.3397938972603;
 0, 793.7119814515671, 533.1777574437855;
 0, 0, 1]
3
[782.0354979544421, 0, 653.8695475100659;
 0, 781.2393127270551, 525.3712717755606;
 0, 0, 1]
0
21654
1
21654
2
21654
3
21654
---------------------------
iter      cost      cost_change  |gradient|   |step|    tr_ratio  tr_radius  ls_iter  iter_time  total_time
   0  5.667680e+05    0.00e+00    7.77e+05   0.00e+00   0.00e+00  1.00e+04        0    9.80e-01    1.07e+00
   1  4.430937e+05    1.24e+05    6.70e+04   5.97e+00   1.78e+00  3.00e+04        1    1.15e+00    2.22e+00
   2  3.851773e+05    5.79e+04    4.63e+04   3.43e+00   1.94e+00  9.00e+04        1    1.04e+00    3.27e+00
   3  3.592647e+05    2.59e+04    6.16e+04   2.03e+00   1.97e+00  2.70e+05        1    1.21e+00    4.48e+00
   4  3.482581e+05    1.10e+04    6.05e+04   1.23e+00   1.95e+00  8.10e+05        1    9.63e-01    5.44e+00
   5  3.436331e+05    4.63e+03    5.25e+04   7.47e-01   1.89e+00  2.43e+06        1    1.22e+00    6.65e+00
   6  3.417075e+05    1.93e+03    4.58e+04   4.66e-01   1.85e+00  7.29e+06        1    1.00e+00    7.66e+00
   7  3.408741e+05    8.33e+02    3.02e+04   3.07e-01   1.85e+00  2.19e+07        1    1.01e+00    8.67e+00
   8  3.405007e+05    3.73e+02    1.47e+04   2.16e-01   1.85e+00  6.56e+07        1    1.01e+00    9.68e+00
   9  3.403204e+05    1.80e+02    1.21e+04   1.60e-01   1.85e+00  1.97e+08        1    1.07e+00    1.08e+01
  10  3.402208e+05    9.96e+01    1.05e+04   1.26e-01   1.86e+00  5.90e+08        1    1.04e+00    1.18e+01
  11  3.401582e+05    6.26e+01    7.06e+03   1.02e-01   1.90e+00  1.77e+09        1    1.10e+00    1.29e+01
  12  3.401161e+05    4.21e+01    5.22e+03   8.37e-02   1.93e+00  5.31e+09        1    1.10e+00    1.40e+01
  13  3.400860e+05    3.00e+01    3.54e+03   7.02e-02   1.92e+00  1.59e+10        1    1.03e+00    1.50e+01
  14  3.400642e+05    2.18e+01    2.31e+03   5.98e-02   1.93e+00  4.78e+10        1    1.13e+00    1.62e+01
  15  3.400481e+05    1.61e+01    1.57e+03   5.15e-02   1.93e+00  1.43e+11        1    1.07e+00    1.72e+01
  16  3.400359e+05    1.22e+01    1.31e+03   4.47e-02   1.92e+00  4.30e+11        1    1.07e+00    1.83e+01
  17  3.400265e+05    9.39e+00    1.04e+03   3.91e-02   1.92e+00  1.29e+12        1    1.12e+00    1.94e+01
  18  3.400191e+05    7.32e+00    7.55e+02   3.45e-02   1.91e+00  3.87e+12        1    1.04e+00    2.04e+01
  19  3.400131e+05    6.01e+00    5.94e+02   3.05e-02   1.97e+00  1.16e+13        1    1.08e+00    2.15e+01
  20  3.400081e+05    5.06e+00    5.70e+02   2.73e-02   1.94e+00  3.49e+13        1    1.01e+00    2.25e+01
  21  3.400038e+05    4.30e+00    5.71e+02   2.44e-02   1.99e+00  1.05e+14        1    1.08e+00    2.36e+01
  22  3.400000e+05    3.79e+00    5.73e+02   2.21e-02   1.98e+00  3.14e+14        1    1.04e+00    2.47e+01
  23  3.399967e+05    3.24e+00    5.71e+02   2.01e-02   1.96e+00  9.41e+14        1    1.00e+00    2.57e+01
  24  3.399939e+05    2.80e+00    5.70e+02   1.83e-02   1.98e+00  2.82e+15        1    9.91e-01    2.67e+01
  25  3.399914e+05    2.50e+00    5.68e+02   1.70e-02   1.99e+00  8.47e+15        1    1.07e+00    2.77e+01
  26  3.399893e+05    2.17e+00    5.66e+02   1.56e-02   1.95e+00  1.00e+16        1    1.07e+00    2.88e+01
  27  3.399874e+05    1.91e+00    5.65e+02   1.44e-02   1.99e+00  1.00e+16        1    1.00e+00    2.98e+01
WARNING: Logging before InitGoogleLogging() is written to STDERR
W1207 15:59:54.275964 30049 levenberg_marquardt_strategy.cc:114] Linear solver failure. Failed to compute a step: Eigen failure. Unable to perform dens
e Cholesky factorization.
  28  3.399874e+05    0.00e+00    5.65e+02   0.00e+00   0.00e+00  5.00e+15        1    1.05e-01    2.99e+01
W1207 15:59:54.343037 30049 levenberg_marquardt_strategy.cc:114] Linear solver failure. Failed to compute a step: Eigen failure. Unable to perform dens
e Cholesky factorization.
  29  3.399874e+05    0.00e+00    5.65e+02   0.00e+00   0.00e+00  1.25e+15        1    6.69e-02    3.00e+01
W1207 15:59:54.399852 30049 levenberg_marquardt_strategy.cc:114] Linear solver failure. Failed to compute a step: Eigen failure. Unable to perform dens
e Cholesky factorization.
  30  3.399874e+05    0.00e+00    5.65e+02   0.00e+00   0.00e+00  1.56e+14        1    5.68e-02    3.00e+01
  31  3.399857e+05    1.69e+00    4.45e+02   1.33e-02   1.94e+00  4.69e+14        1    9.97e-01    3.10e+01
  32  3.399843e+05    1.42e+00    3.11e+02   1.24e-02   1.97e+00  1.41e+15        1    1.04e+00    3.21e+01
  33  3.399830e+05    1.29e+00    3.10e+02   1.17e-02   1.99e+00  4.22e+15        1    1.07e+00    3.31e+01
  34  3.399818e+05    1.18e+00    2.81e+02   1.19e-02   1.97e+00  1.00e+16        1    1.02e+00    3.41e+01
  35  3.399808e+05    9.79e-01    2.35e+02   1.07e-02   1.90e+00  1.00e+16        1    1.10e+00    3.52e+01
  36  3.399800e+05    8.41e-01    1.64e+02   9.69e-03   1.97e+00  1.00e+16        1    1.11e+00    3.63e+01
  37  3.399792e+05    7.72e-01    1.64e+02   1.16e-02   1.99e+00  1.00e+16        1    1.08e+00    3.74e+01
W1207 16:00:01.891126 30049 levenberg_marquardt_strategy.cc:114] Linear solver failure. Failed to compute a step: Eigen failure. Unable to perform dens
e Cholesky factorization.
  38  3.399792e+05    0.00e+00    1.64e+02   0.00e+00   0.00e+00  5.00e+15        1    8.14e-02    3.75e+01
W1207 16:00:01.952198 30049 levenberg_marquardt_strategy.cc:114] Linear solver failure. Failed to compute a step: Eigen failure. Unable to perform dens
e Cholesky factorization.
  39  3.399792e+05    0.00e+00    1.64e+02   0.00e+00   0.00e+00  1.25e+15        1    6.10e-02    3.76e+01
W1207 16:00:02.004037 30049 levenberg_marquardt_strategy.cc:114] Linear solver failure. Failed to compute a step: Eigen failure. Unable to perform dens
e Cholesky factorization.
  40  3.399792e+05    0.00e+00    1.64e+02   0.00e+00   0.00e+00  1.56e+14        1    5.18e-02    3.76e+01
  41  3.399785e+05    7.18e-01    1.56e+02   8.61e-03   1.99e+00  4.69e+14        1    1.18e+00    3.88e+01
  42  3.399778e+05    6.41e-01    1.18e+02   8.18e-03   1.92e+00  1.41e+15        1    1.08e+00    3.99e+01
  43  3.399773e+05    5.78e-01    1.18e+02   7.82e-03   1.99e+00  4.22e+15        1    1.23e+00    4.11e+01
  44  3.399767e+05    5.44e-01    1.19e+02   7.50e-03   2.00e+00  1.00e+16        1    9.68e-01    4.21e+01
W1207 16:00:06.523494 30049 levenberg_marquardt_strategy.cc:114] Linear solver failure. Failed to compute a step: Eigen failure. Unable to perform dens
e Cholesky factorization.
  45  3.399767e+05    0.00e+00    1.19e+02   0.00e+00   0.00e+00  5.00e+15        1    5.44e-02    4.21e+01
W1207 16:00:06.572770 30049 levenberg_marquardt_strategy.cc:114] Linear solver failure. Failed to compute a step: Eigen failure. Unable to perform dens
e Cholesky factorization.
  46  3.399767e+05    0.00e+00    1.19e+02   0.00e+00   0.00e+00  1.25e+15        1    4.92e-02    4.22e+01
  47  3.399762e+05    5.12e-01    1.19e+02   7.70e-03   2.00e+00  3.75e+15        1    9.70e-01    4.32e+01
W1207 16:00:07.616473 30049 levenberg_marquardt_strategy.cc:114] Linear solver failure. Failed to compute a step: Eigen failure. Unable to perform dens
e Cholesky factorization.
  48  3.399762e+05    0.00e+00    1.19e+02   0.00e+00   0.00e+00  1.88e+15        1    7.35e-02    4.32e+01
W1207 16:00:07.671226 30049 levenberg_marquardt_strategy.cc:114] Linear solver failure. Failed to compute a step: Eigen failure. Unable to perform dens
e Cholesky factorization.
  49  3.399762e+05    0.00e+00    1.19e+02   0.00e+00   0.00e+00  4.69e+14        1    5.47e-02    4.33e+01
  50  3.399757e+05    4.68e-01    1.19e+02   6.83e-03   1.94e+00  1.41e+15        1    9.57e-01    4.42e+01

Solver Summary (v 1.14.0-eigen-(3.2.0)-lapack-suitesparse-(4.2.1)-cxsparse-(3.1.2)-eigensparse-openmp-no_tbb)

                                     Original                  Reduced
Parameter blocks                        21657                    21657
Parameters                              64980                    64980
Residual blocks                         81810                    81810
Residuals                              163620                   163620

Minimizer                        TRUST_REGION

Dense linear algebra library            EIGEN

Trust region strategy     LEVENBERG_MARQUARDT

                                        Given                     Used
Linear solver                     DENSE_SCHUR              DENSE_SCHUR
Threads                                    10                       10
Linear solver ordering              AUTOMATIC                  21654,3
Schur structure                         2,3,6                    2,3,6

Cost:
Initial                          5.667680e+05
Final                            3.399757e+05
Change                           2.267923e+05

Minimizer iterations                       51
Successful steps                           41
Unsuccessful steps                         10

Time (in seconds):
Preprocessor                         0.093686

  Residual only evaluation           0.320705 (40)
  Jacobian & residual evaluation    38.808499 (41)
  Linear solver                      3.927569 (50)
Minimizer                           44.152146

Postprocessor                        0.006206
Total                               44.252039

Termination:                   NO_CONVERGENCE (Maximum number of iterations reached. Number of iterations: 50.)

Output: -----------------------------------
0 ::::::
[1, 0, 0, 0;
 0, 1, 0, 0;
 0, 0, 1, 0]
1 ::::::
[0.9915708503019079, -0.1000820514431018, -0.0822850643220969, 0.09067484411628561;
 0.06297712498616954, 0.9273065181297209, -0.3689668049602973, 0.4637117003696413;
 0.1132304312454372, 0.3606746517473525, 0.9257929925349934, 0.3732585743056996]
2 ::::::
[0.8395077018470543, 0.1452705283145512, 0.5235678486525781, -0.8224228437774813;
 0.07626163740271327, 0.9225547105721984, -0.3782551634303284, 0.4505534430247756;
 -0.5379693125078184, 0.3574762643928384, 0.7634132165450156, 0.7452391884076369]
3 ::::::
[0.9853972854400023, -0.01326865151047341, 0.1697531523553197, -0.4348716447282999;
 -0.08372919749847939, 0.8303334918096911, 0.5509407534984014, -0.5906576432863631;
 -0.148261968601983, -0.5571088181551422, 0.817097395296329, 0.2466980494878356]
Extrinsic calibration (bundle adjustment) completed!
OpenPose calibration toolbox successfully finished. Total time: 540.826998 seconds.
